102255988
102915535
103005562
103008850
103023795
103025077
103036077
103046096
103046937
103048136
103054463
103056158
103057445
103057897
103060555
103063811
103070617
103070948
103076221
103076680
103078763
103079235
103081357
103091077
103101190
103102374
103110798
103111590
103112347
103116317
103122804
103123831
103135075
103152644
103158355
103158750
103159126
103161650
103164835
103167824
103176823
103178984
103186550
103189112
103192731
103200288
103211847
103214658
103218862
103222128
103226589
103227723
103230000
103233772
103240756
103244594
103245600
103265072
103268894
103272939
103282050
103288053
103306925
103308520
103312839
103316823
103324065
103326760
103332446
103503417
103518604
103522606
103525335
103526241
103540351
103543785
103545697
103560578
103563492
103563581
103578576
103583281
103583872
103585873
103588983
103591246
103595216
103603039
103611485
103613059
103617883
103621485
103622460
103624568
103629259
103641441
103643248
103661837
103663585